3 2 2 2 2 50 5 
1 1 2 1 2 36 47 0 2 0 1 
1 2 2 1 2 57 55 0 2 0 1 
2 1 2 1 2 61 43 1 2 2 3 
2 2 2 1 2 64 51 1 2 2 3 
3 1 2 1 2 51 37 0 2 0 1 
3 2 2 1 2 41 48 1 2 2 3 
0 0 0 0 
0 0 1 3 
0 0 2 8 
0 0 3 9 
0 1 0 4 
0 1 1 0 
0 1 2 10 
0 1 3 11 
0 2 0 10 
0 2 1 11 
0 2 2 0 
0 2 3 3 
0 3 0 9 
0 3 1 10 
0 3 2 4 
0 3 3 0 
0 4 0 6 
0 4 1 6 
0 4 2 8 
0 4 3 6 
1 0 0 0 
1 0 1 4 
1 0 2 10 
1 0 3 7 
1 1 0 4 
1 1 1 0 
1 1 2 9 
1 1 3 10 
1 2 0 12 
1 2 1 9 
1 2 2 0 
1 2 3 6 
1 3 0 11 
1 3 1 8 
1 3 2 5 
1 3 3 0 
1 4 0 7 
1 4 1 8 
1 4 2 6 
1 4 3 8 
